110100
110200
120100
120200
130100
130200
130300
130400
130500
130600
130700
130800
130900
131000
131100
132100
132200
132300
132400
132500
132600
132800
132900
133000
139000
140100
140200
140300
140400
140500
140600
140700
140800
140900
141000
141100
142100
142200
142300
142400
142600
142700
149000
150100
150200
150300
150400
150500
150600
150700
150800
150900
152100
152200
152300
152500
152600
152700
152800
152900
210100
210200
210300
210400
210500
210600
210700
210800
210900
211000
211100
211200
211300
211400
212100
212200
219000
220100
220200
220300
220400
220500
220600
220700
220800
222300
222400
222100
222200
229000
230100
230200
230300
230400
230500
230600
230700
230800
230900
231000
231100
231200
232100
232300
232400
232500
232600
232700
239000
310100
310200
320100
320200
320300
320400
320500
320600
320700
320800
320900
321000
321100
321200
321300
330100
331000
331100
332500
332600
332700
330200
330300
330400
330500
330600
330700
330800
330900
339000
341200
341300
341400
341500
341600
341700
341800
342100
342200
342300
342400
342500
342600
342700
342800
342900
340100
340200
340300
340400
340500
340600
340700
340800
341000
341100
350900
352100
352200
352600
352700
350100
350200
350300
350400
350500
350600
350700
350800
359000
360100
360200
361100
362100
362200
362300
360300
360400
360500
360600
360700
360800
360900
361000
362400
362500
362600
370200
370300
370400
370500
370600
370700
370800
370900
371000
371100
371200
371300
371400
371500
371600
370100
371700
372100
372200
372300
372400
372500
372600
372700
372800
372900
379000
410600
410700
410800
410900
411000
411100
411200
411300
410100
410200
410300
410400
410500
411400
411500
411600
411700
412300
412400
412500
412700
412800
412900
413000
412600
419000
420500
420600
420700
420800
420900
421000
421100
421200
421300
422100
422200
422900
429000
420100
420200
420300
422300
422400
422500
422600
422700
422800
420400
423000
430100
430200
430300
430400
432100
432200
432300
432400
432500
432600
432700
432800
432900
430500
430600
430700
430800
430900
431000
431100
431200
431300
433000
433100
439000
440100
440200
440300
440400
440500
440600
440700
441800
442700
442900
445100
445200
440800
440900
441200
441300
441400
441500
441600
441700
445300
441900
442000
442500
442600
442800
451000
451100
451200
451300
451400
452100
452200
450100
450200
450300
450400
450500
450600
450700
450800
450900
452300
452400
452500
452600
452700
452800
460100
460200
469000
460000
500300
500100
500200
510300
510400
510500
510600
510700
510800
510900
511000
512200
512300
512500
512900
513000
513100
513200
513300
513400
510100
510200
511100
511200
511300
511400
511500
511600
511700
511800
511900
512000
513500
513600
513700
513800
513900
519000
520100
520200
520300
520400
522100
522200
522300
522400
522500
522600
522700
530600
530700
530800
530900
532100
532200
532300
533000
533100
533200
533300
530100
530300
530400
530500
532400
532500
532600
532700
532800
532900
533400
533500
542200
542300
542400
540100
542100
542500
542600
542700
610100
610900
611000
612100
612200
612300
612400
610200
610300
610400
610500
610600
610700
610800
612500
612600
612700
620800
620900
621000
621100
621200
622100
622200
622300
622400
622600
622700
622800
622900
623000
620100
620200
620300
620400
620500
620600
620700
630100
632500
632600
632700
632800
632100
632200
632300
640100
640200
640300
640400
640500
642100
642200
650100
650200
652100
652200
652300
652400
652500
652600
654300
659000
652700
652800
652900
653000
653100
653200
654000
654100
654200
710000
810000
820000
