640321199508101514
510121199507273832
371312198004246212
371302198106064310
612424198004053818
612427199008141210
510113199505231129
420822198605183134
430481198907036738
510623198508285734
130982199302100933
513823198802055511
430723198907153814
320305199002161515
41022319780812254X
640321199602011558
130922198307201265
340122199809095415
610621199007140030
612525199001280413
50024119900305511x
610124199308022478
120225199201045878
231083198304216718
410223198204233032
360428198802176021
513902199508135578
441427199807151519
510623199101274050
411023197601035553
612427198810031217
420704198710285273
420521198410031517
612427198809181218
340521197505284619
320305199104271539
622921199705261518
610523199005293751
511621199210076051
421302199102027693
500226199412281536
370827199704151017
612501198207140218
642221198205200402
610113195908291682
500223198910170616
510129200008012116
34122119900710683X
620402198806302734
412901197807210013
410782198904205339
342201199607013616
430681199503199317
500239199707191732
450324198404273126
22052219610308132x
500235199212178194
130322200203141816
610102196003302741
450481199206081219
610481197210214628
46002819991124603X
612427199001281245
445322199910244955
370481199605131834
61242719940929121X
450521199103268311
140426199706191628
320211199908231913
421083197607282414
360726199806018619
445221199209184913
610481199206023844
360726200001028612
210281199010079111
41142119880512165x
130424199105281017
610429199705271716
210282199605303123
510902199607071570
522130198511145222
445222198610303351
34222219890207163X
370703198112132655
130127200908261819
441230197309095727
610324199112082533
610326199509110048
61058220020728551X
510623199904218837
44092319960806101X
620105197110040068
510602197609156839
330501198608022213
522101199305245612
410425199105141018
330182198603073720
522130198709210157
142328198104250525
130431199508201054
410307199512308016
360121198509035237
500235199609055619
13092119891210546x
360721199308087679
130921198902085418
21028119801206121X
510123198611300819
340321198207273456
142625199205053645
450802198612267846
610525198404083733
320304198711184815
430281198312094153
362528198905082535
362330199304135799
130323198706171917
500226199008023914
430281199009226023
441423198805203012
370982198711103393
532622200106052339
230827196802224211
150928199202132116
150421200201240610
440785199509211615
430524199206032438
450303198506151515
500225198511282314
522130198802146014
232331199008200637
421125199402062021
430522199910188353
522323199606038114
130229198505064018
421102198611055216
131122199410061215
513901198601151838
371329199306205119
522401200103144233
130421200110204514
420684197212060014
340221199201264099
330326199501126013
46002619900127213X
341226199006216916
512501197009020663
130625198411121647
532325199306161596
420683198008164017
132423198108151630
140222199012093015
130322199602110632
230105198402041013
513022199504216879
450621198709041470
220121197211226051
342224199802019719
362204198801156555
510824198506277658
42068319830319151X
350624198612153615
422428196403300610
445121199912194237
441581199812052439
411023198806170534
622726199008282496
340828198207175313
362502197811162851
452421198311053210
120225198511243170
431028198007291810
430481199911152090
411421200205027811
460200200305091410
431102198910278331
340826198710073012
513021198909211135
210703196812243416
500227199108134415
150402198008011710
412829198108154214
432823198509260814
642223199309054515
421126199006281413
500229199101114334
142724199003270536
422801199001221616
140425199808268036
413025196607161286
445281199304271210
429006198001011635
511521198708065851
320902198410247077
352225198907201537
520121200104196614
130726199912263519
413001196312242037
43052519970114007x
513701197903196219
53212919921205273X
352622197512180493
350625198308100574
511623199308105052
362502199008203086
511111198609265511
450702198901054315
612327199611023619
210781198602034411
210323198912292074
142622195504021531
320623196912287817
130302196906203513
421202198812012357
510623197809145730
510121198711144048
522126197908275552
350182199404062613
542621198902070226
510113199307115311
510132198612122918
342523198107254616
362531199210013042
440882199110156112
500223199506157051
430624197607057122
511621199203014821
513901199611242316
441284198301105322
432522198210205834
45240219851108037X
440223199604280014
232126199210183066
410526198802180538
360521199809018013
513023198307216134
33028219900127615x
450422199707280515
440513200102132416
445221199801204573
430528198809137432
220702197904241418
530325199601041552
370123199503191019
412322197910193038
431081198908223032
431126199907286299
410901198906252350
422129197008164115
13282519901119203X
211223197504091012
511203198009103717
510521199912080315
132934195708070917
421083199008123584
23052319820723085X
330182200102280510
511002200012176872
452231198509170588
360502198908010435
510281198108019156
411526200102086330
500222199512274311
420602197301023018
230225198711152674
510623197801213727
412322197603103012
452226198810011569
44180119910121263X
510521198912120212
362522198108195010
45263119890711097x
510311199509186618
220822198806107368
530328199210052130
360782199104142536
41062120041002453X
232127198005190613
130525199102010029
432821197502130614
130502199102162116
360124198806203013
371202198806107152
132226196811156627
610502199907122810
360622196901120019
350321198807020016
610424199305297616
610102197002050954
441424199108244303
452123198310175853
440582199206043618
33032819990207531x
320723200001064836
210403198509132118
440104196910042518
330903197206143979
220721198609091852
513723198204208156
450881200108204411
412723198311206530
510902198108013101
452323198312182839
44162319811020372X
422326198005111356
500231199105273393
41272419820416292x
410324199206130674
500381199002020819
342423197802093770
500234198804296310
34122619910320161X
622822198511114719
440982198706031856
432422197507051012
410602198807040010
450703199305066951
21132119900101085X
36250219820922185X
370181199311037512
130682199705021731
612525199110163419
350583198310090019
140102197604306029
421126199103223143
140121197204252526
321322199402023418
340825198903022418
510521199201161274
445281199107011233
511521198610110220
330323197607207817
152123198910093914
500236199808076494
330304198501166311
420683199502146724
513022199511266073
330227198707037354
610431198510103103
230421199302252631
440582199509094914
430426199511145110
429006199409172445
140105198602271858
371302198703281217
371321197901013998
410184199008105668
513030199508108218
341221199911152834
441426198912190017
130204198302022419
430621198808154629
420982198803107214
522129198809275040
340323199110214916
341223198204115354
610113197103311649
610112197804094425
370521198910251634
421302199305168410
360722198811214235
370181198306161418
412722199404104515
412727198611082635
510503198704116611
430482199211099352
360429200003151035
350583198704110713
341621200206111516
220422200101244715
150203199501213957
45070319900406301X
320682199601225794
440508198907020058
211004198907027810
452131198011121214
130434200010192415
222426198010281737
441722197510101719
321321199505012256
43042419971123545X
130630199403060018
130128198209061267
430481198910106792
371523199011030035
370323199011203475
532326199202273012
150425198708222257
410728199211221535
320123198302144618
620422199508254033
320722199510253019
520421199611110054
36072219981003451X
450304198712152013
330624197702097559
410621199004160020
43292919791212554X
370784199411297217
430524198710273754
522423199308269657
432829197110062828
410622198410182059
230123198606172093
239004197201031929
52222919871113283X
230183198610072833
52022119840604331X
610126199111082138
430481198612256725
14270219941202301X
320323196603081018
430419196502206711
411330198203284022
421381200006216428
130431199102020819
522424199703263235
340321198402100219
430419196710056762
211322198003130777
511002199801196619
220722197402022819
421127199209301716
450321197807033019
622822199305050333
43042619870320351X
360622198507085816
532925198012270015
510727199711213117
420111198507220512
51132319911120101X
513022198210100059
410426199103016017
511324199509241691
320281199407283773
410426196805246067
610527198302196414
410526199005014531
612326199005153919
513021198701156173
371421198711200012
440105198909043930
522132198812243216
450621198808191124
330184200212055552
511321198910118055
370703199510213017
372826197407250322
450821198703140874
230119198002070470
452724198808121317
513029199305176856
440184198811080923
411023199108140519
41032819780303963X
410901198201010597
372402198002126616
450621199408080825
360121199502171433
420124197810020027
412723199311258626
450324198611092811
131124198405211432
142702198611230017
130123199307166313
412728198212020038
352625198106130478
371121198812161239
130632199204052034
411526198903271018
370829199101194934
370882198307185811
310114198110300040
371122198310180954
452626199406123792
411481198412122316
412728198512232833
360733199610192774
522627199905044831
430624199012228518
13102619860510513x
410181198308127531
360426199310170610
431021198802213251
511222198010298661
370281199011061014
511621198605113537
350123199501291565
522723199710273116
500381199403024394
410426199404276533
411327198802021517
332526198201032558
450981199101072751
330327198312310075
320623198602136051
422801199002014010
53032519900101039X
340404196802100832
500239199307024492
130681199005060610
33032419890828741X
410103196702200620
330921199011076528
140322199307223310
142603198706303072
430521198112085332
43070219891212854X
211404197908106438
511321198404042676
42062119860517541X
500232199106305031
13053520010805045x
341221198409167876
342224197507081414
372330198601036655
452528196303014060
652829198411121612
460004198203093452
420222197201276433
320924198911304111
500382199110031378
410811198709190055
44092119910118451X
372925199504012113
362421197304033266
142433196611020043
341182198810133012
142622198112143218
239005197806101033
441322197611111113
350402195405250014
341222199805261814
370921198512033334
372922199712054781
130204197011091516
132622197305182612
330282199201045516
210222196604178420
410823198806020088
132932196611014419
421127198901061742
370624197101101732
330327199207087718
420205199901266116
130430198504171520
513029199403123133
410224199302281653
410822198707251546
350824198712092558
371521199107280976
430626198409088064
452123198906165517
350302198512010823
440825198910214438
420922198201142016
61242319890623323X
32032219720914471x
450311198407033513
532526199102073815
440229198810123523
410323198306261013
513623198312053117
130433199509220911
232331199209290624
411528198812035856
210624198210150090
232331198703130656
450322199205253511
612723198912030013
350721198708312613
44162120011002151X
500227199504251330
513023199502106111
211302198804191638
321321198805025011
331022199307090773
420583198512251552
37078319831109071X
341223199805242919
411526200008286336
332522198908201030
341122198507065217
340826198601053610
412826198606220334
320382200001017034
370122196207277520
421122199105265878
370284199511060025
452631198512080032
452223199209212533
612301197402130714
231002195511231011
511725200202106018
420103197701061231
510726199312102413
341222199506042515
231025198607282233
32102320000911241x
130123199610051519
140225198404043417
411282198904083136
51392219890401199x
362121197608194417
430481199012067159
140423199010190011
41032719800329004X
342201199904202835
350125199406250039
429001198411136463
320821199209280113
370103195107012513
429004198203271133
372324198403285717
441781199505255915
370406199902025050
620402198405102715
370181199407295217
511602199211172791
230321197310070438
330824199001184510
150222198409114715
120222200108094014
411123200005047013
330824197907122712
211003197811180115
350125199703033313
429004200003266356
430624199202188553
350125198101153372
371524200011195819
220322199211232933
452428198212051011
130323199105176418
410526198309295817
513701199407105524
370282199011071710
412326199508022155
210402197709181714
142729199207102712
310107198203105371
330482198804230311
210502199607252117
350824198804190411
130723199202040012
411123199906289575
412723197407150397
422202199212304714
510727199109181319
432503197601289111
431126200004153271
320586198909110518
431022199609140055
150430198203284146
513922199109037052
36078220010102541X
420683197201183186
421083199008123568
533221198707022939
440923198912085185
370683199805011515
511681198404154072
352601197802282533
210211197807194514
332528198802130818
132421197001026437
421083200008103511
511523199105130615
61012519880823193X
452628198607010020
410122197702228010
130104200101201837
530323199903070735
530902199410120328
341024199911148913
342501197511060298
130434198803022213
372901197409121020
421127200012053013
411325199711123595
370921197904215714
340824198802151417
210504197811210049
411525200202233311
430781199708145027
37078319940513671X
410225200003232319
431127200206026736
654121197810272010
142601198907114021
412931197605073397
360481198708123873
332501200006246916
622322198107270616
440785198401054633
410223199901117517
610303196404260818
420621199511096811
210905198404181511
340828196112085340
522728199812020656
511602198910107919
441781199706072314
622421198901233520
410184199508206924
410327200206238639
522501200001276513
140724200006040051
522123199509102531
411122199302258034
360429200106080057
370122197202147510
142332197005124021
420682199409260534
350303196609010341
610124198410274239
412727198002060414
432503197507168911
321322198201121631
370282200111201119
511623199107102373
522427199007113232
432503199407032776
220402199008151417
430423199103120935